400 10001 0 0 0  
401 10004 0 0 0  
402 10021 0 0 0  
403 10031 0 0 0  
404 10001 10002 10003 0  
405 10004 10005 10006 0  
406 10021 10022 10023 0  
407 10031 10032 10033 0  
408 10010 10011 10012 10001  
409 10013 10014 10015 10004 
410 1030 0 0 0    
411 1031 0 0 0  
412 1041 1042 1043 1030  
413 1044 1045 1046 1031  

800 2001 2002 2003 2060  
801 2004 2005 2006 2060  
802 2011 2012 2013 2060  
803 2014 2015 2016 2060  
804 2021 2022 2023 2060  
805 2024 2025 2026 2060  

602 2060 0 0 0 
601 200 0 0 0 

900 100 101 0 0
1000 300 0 0 0
1001 301 0 0 0
1002 302 0 0 0
1003 303 0 0 0
1004 304 0 0 0
1005 305 0 0 0