10001 682 9 697 39 30
10002 711 8 723 39 30
10003 736 9 752 39 30
10004 136 10 151 40 30
10005 110 9 122 40 30
10006 81 10 97 40 30
10010 748 52 772 82 30
10011 708 52 724 82 30
10012 658 53 680 82 30
10013 61 53 85 83 30
10014 109 53 125 83 30
10015 153 54 175 83 30
1030 653 16 669 39 30
1031 164 17 180 40 30
1041 431 300 456 323 30
1042 411 300 428 323 30
1043 382 302 405 324 30
1044 434 343 459 366 30
1045 410 343 427 366 30
1046 377 345 400 367 30

2001 191 23 200 47 40
2002 214 28 231 47 40
2003 238 31 261 39 40
2004 46 23 55 47 40
2005 68 28 85 47 40
2006 104 31 127 39 40
2011 189 58 198 82 40
2012 221 61 238 81 40
2013 241 68 264 74 40
2014 45 56 54 80 40
2015 70 59 87 79 40
2016 103 69 126 75 40
2021 248 88 256 112 40
2022 222 91 239 110 40
2023 164 101 205 107 40
2024 43 95 51 119 40
2025 69 97 86 116 40
2026 103 101 144 107 40
2031 255 131 263 155 40
2032 218 135 234 154 40
2033 162 140 206 146 40
2034 43 133 51 157 40
2035 72 137 88 156 40
2036 100 142 144 148 40
2041 252 169 260 193 40
2042 216 170 233 190 40
2043 158 176 203 182 40
2044 42 169 50 193 40
2045 69 170 86 190 40
2046 99 176 144 182 40
2051 257 205 266 229 40
2052 219 208 236 227 40
2053 160 210 205 216 40
2054 38 205 47 229 40
2055 68 208 85 227 40
2056 99 210 144 216 40
2060 10 10 19 34 40

0 0 16 32 16 50
1 32 0 64 33 50
2 64 0 96 33 50
3 96 0 128 33 50
4 128 0 160 32 50
5 160 0 192 32 50
6 192 0 224 32 50
7 224 0 256 32 50
8 0 33 32 64 50
9 32 32 64 64 50
10 64 33 96 65 50
11 96 32 128 64 50
12 128 32 160 64 50
13 160 32 192 64 50
14 192 32 224 64 50
15 224 32 256 64 50
16 0 65 32 96 50
17 32 64 64 96 50
18 64 64 96 96 50
19 96 64 128 96 50
20 128 64 160 96 50
21 160 64 192 96 50
22 192 64 224 96 50
23 224 64 256 96 50

100 3 6 19 36 60
101 30 6 46 38 60 
 
200 32 0 64 32 70

300 124 59 136 69 80
301 44 43 61 60 80
302 177 40 194 49 80
303 177 58 194 67 80
304 136 131 142 143 80
305 131 155 147 168 80

400 15 79 23 89 90
401 43 79 49 91 90
402 56 81 64 91 90
